Caucasian	.4	.4	1
African-American	.1	.5	2
Hispanic	.1	.6	3
Asian	.07	.67	4
Afghan	0.001701031	0.6717011	5
African	0.001701031	0.6734021	6
Albanian	0.001701031	0.6751031	7
Algerian	0.001701031	0.6768041	8
Andorran	0.001701031	0.6785052	9
Angolan	0.001701031	0.6802062	10
Arabic	0.001701031	0.68190724	11
Argentine	0.001701031	0.6836083	12
Armenian	0.001701031	0.6853093	13
Assyrian	0.001701031	0.68701035	14
Australian	0.001701031	0.68871135	15
Austrian	0.001701031	0.6904124	16
Azeri	0.001701031	0.6921134	17
Bahamian	0.001701031	0.69381446	18
Bahraini	0.001701031	0.69551545	19
Bangla	0.001701031	0.6972165	20
Bangladeshi	0.001701031	0.69891757	21
Batswana	0.001701031	0.70061857	22
Belarusian	0.001701031	0.7023196	23
Belgian	0.001701031	0.7040206	24
Belizean	0.001701031	0.7057217	25
Bengali	0.001701031	0.7074227	26
Beninese	0.001701031	0.70912373	27
Bhutanese	0.001701031	0.7108248	28
Bosnian	0.001701031	0.7125258	29
Brazilian	0.001701031	0.71422684	30
British	0.001701031	0.71592784	31
Bruneian	0.001701031	0.7176289	32
Bulgarian	0.001701031	0.7193299	33
Burkinan	0.001701031	0.72103095	34
Burmese	0.001701031	0.72273195	35
Burundian	0.001701031	0.724433	36
Cambodian	0.001701031	0.72613406	37
Cameroonian	0.001701031	0.72783506	38
Canadian	0.001701031	0.7295361	39
Cantonese	0.001701031	0.7312371	40
Cape Verdean	0.001701031	0.7329382	41
Chadican	0.001701031	0.73463917	42
Chilean	0.001701031	0.7363402	43
Chinese	0.001701031	0.7380413	44
Colombian	0.001701031	0.7397423	45
Comorian	0.001701031	0.74144334	46
Congolese	0.001701031	0.74314433	47
Costa Rican	0.001701031	0.7448454	48
Croatian	0.001701031	0.7465464	49
Cuban	0.001701031	0.74824744	50
Cypriot	0.001701031	0.7499485	51
Czech	0.001701031	0.7516495	52
Dane	0.001701031	0.75335056	53
Danish	0.001701031	0.75505155	54
Djiboutian	0.001701031	0.7567526	55
Dominican	0.001701031	0.7584536	56
Dominicans	0.001701031	0.76015466	57
Dutch	0.001701031	0.76185566	58
East Timorese	0.001701031	0.7635567	59
Ecuadorian	0.001701031	0.7652577	60
Egyptian	0.001701031	0.7669588	61
Emirati	0.001701031	0.76865983	62
Eritrean	0.001701031	0.7703608	63
Estonian	0.001701031	0.7720619	64
Ethiopian	0.001701031	0.7737629	65
Fijian	0.001701031	0.77546394	66
Filipino	0.001701031	0.77716494	67
Finn	0.001701031	0.778866	68
Finnish	0.001701031	0.78056705	69
French	0.001701031	0.78226805	70
Gabonese	0.001701031	0.7839691	71
Gambian	0.001701031	0.7856701	72
Georgian	0.001701031	0.78737116	73
German	0.001701031	0.78907216	74
Ghanaian	0.001701031	0.7907732	75
Greek	0.001701031	0.79247427	76
Grenadian	0.001701031	0.79417527	77
Guatemalan	0.001701031	0.7958763	78
Guianese	0.001701031	0.7975773	79
Guinea-Bissau	0.001701031	0.7992784	80
Guyanese	0.001701031	0.8009794	81
Haitian	0.001701031	0.80268043	82
Hebrew	0.001701031	0.8043815	83
Hindi	0.001701031	0.8060825	84
Honduran	0.001701031	0.80778354	85
Hungarian	0.001701031	0.80948454	86
Icelander	0.001701031	0.8111856	87
I-Kiribati	0.001701031	0.8128866	88
Indian	0.001701031	0.81458765	89
Indonesian	0.001701031	0.8162887	90
Iranian	0.001701031	0.8179897	91
Iraqi	0.001701031	0.81969076	92
Irish	0.001701031	0.82139176	93
Israeli	0.001701031	0.8230928	94
Italian	0.001701031	0.8247938	95
Ivoirian	0.001701031	0.8264949	96
Jamaican	0.001701031	0.8281959	97
Japanese	0.001701031	0.8298969	98
Jordanian	0.001701031	0.8315979	99
Kazakh	0.001701031	0.833299	100
Kenyan	0.001701031	0.83500004	101
Korean	0.001701031	0.83670104	102
Kosovar	0.001701031	0.8384021	103
Kuwaiti	0.001701031	0.8401031	104
Kyrgyz	0.001701031	0.84180415	105
Lao	0.001701031	0.84350514	106
Latvian	0.001701031	0.8452062	107
Lebanese	0.001701031	0.84690726	108
Libyan	0.001701031	0.84860826	109
Liechtensteiner	0.001701031	0.8503093	110
Lithuanian	0.001701031	0.85201037	111
Luxembourgeois	0.001701031	0.85371137	112
Malagasy	0.001701031	0.85541236	113
Malawian	0.001701031	0.8571134	114
Malay	0.001701031	0.8588145	115
Malaysian	0.001701031	0.8605155	116
Maldivian	0.001701031	0.86221653	117
Malian	0.001701031	0.8639175	118
Maltese	0.001701031	0.8656186	119
Mandarin	0.001701031	0.8673196	120
Mauritanian	0.001701031	0.86902064	121
Mauritian	0.001701031	0.8707217	122
Mexican	0.001701031	0.8724227	123
Micronesian	0.001701031	0.8741237	124
Moldovan	0.001701031	0.87582475	125
Monegasque	0.001701031	0.8775258	126
Mongolian	0.001701031	0.8792268	127
Moroccan	0.001701031	0.88092786	128
Mozambican	0.001701031	0.8826289	129
Namibian	0.001701031	0.8843299	130
Nepalese	0.001701031	0.886031	131
New Zealander	0.001701031	0.88773197	132
Nicaraguan	0.001701031	0.889433	133
Nigerian	0.001701031	0.891134	134
Nigerien	0.001701031	0.8928351	135
Norwegian	0.001701031	0.89453614	136
Omani	0.001701031	0.89623713	137
Pakistani	0.001701031	0.89793813	138
Palauan	0.001701031	0.8996392	139
Palestinian	0.001701031	0.90134025	140
Panamanian	0.001701031	0.90304124	141
Papua New Guinean	0.001701031	0.9047423	142
Paraguayan	0.001701031	0.90644336	143
Persian	0.001701031	0.90814435	144
Peruvian	0.001701031	0.9098454	145
Portuguese	0.001701031	0.9115464	146
Puerto Rican	0.001701031	0.91324747	147
Qatari	0.001701031	0.91494846	148
Romanian	0.001701031	0.9166495	149
Russian	0.001701031	0.9183505	150
Rwandan	0.001701031	0.9200516	151
Salvadoran	0.001701031	0.9217526	152
Saudi	0.001701031	0.9234536	153
Scot	0.001701031	0.9251547	154
Scottish	0.001701031	0.9268557	155
Senegalese	0.001701031	0.9285567	156
Serb	0.001701031	0.9302578	157
Sierra Leonean	0.001701031	0.9319588	158
Singaporean	0.001701031	0.9336598	159
Sinhalese	0.001701031	0.93536085	160
Slovak	0.001701031	0.9370619	161
Slovene	0.001701031	0.9387629	162
Somali	0.001701031	0.94046396	163
South African	0.001701031	0.942165	164
Spaniard	0.001701031	0.943866	165
Spanish	0.001701031	0.945567	166
Sri Lankan	0.001701031	0.94726807	167
Sudanese	0.001701031	0.9489691	168
Swahili	0.001701031	0.9506701	169
Swazi	0.001701031	0.9523711	170
Swede	0.001701031	0.95407224	171
Swedish	0.001701031	0.95577323	172
Swiss	0.001701031	0.95747423	173
Syrian	0.001701031	0.9591753	174
Taiwanese	0.001701031	0.96087635	175
Tajik	0.001701031	0.96257734	176
Tanzanian	0.001701031	0.9642784	177
Thai	0.001701031	0.9659794	178
Tibetan	0.001701031	0.96768045	179
Togolese	0.001701031	0.96938145	180
Tongan	0.001701031	0.9710825	181
Tunisian	0.001701031	0.97278357	182
Turk	0.001701031	0.97448456	183
Turkish	0.001701031	0.97618556	184
Turkmen	0.001701031	0.9778867	185
Tuvaluan	0.001701031	0.9795877	186
Ugandan	0.001701031	0.9812887	187
Ukrainian	0.001701031	0.9829897	188
Urdu	0.001701031	0.9846908	189
Uruguayan	0.001701031	0.9863918	190
Uzbek	0.001701031	0.9880928	191
Venezuelan	0.001701031	0.98979384	192
Vietnamese	0.001701031	0.9914949	193
Welsh	0.001701031	0.9931959	194
Yemeni	0.001701031	0.99489695	195
Yiddish	0.001701031	0.996598	196
Zambian	0.001701031	0.998299	197
Zimbabwean	0.001701031	1.0	198
